17,372
17,371
17,370
17,369
17,368
17,333
17,332
17,331
17,330
17,329
17,328
17,327
17,316
17,315
17,314
17,313
17,312
17,311
17,310
17,309
17,308
17,307
17,306
17,305
17,304
17,303
17,302
17,301
17,300
17,299
17,298
17,297
17,296
17,295
17,294
17,293
17,292
17,291
17,290
17,289
17,288
17,287
17,286
17,285
17,284
17,283
17,282
17,281
17,280
17,279
17,278
17,267
17,266
17,265
17,264
17,263
17,262
17,261
17,260
17,259
17,258
17,257
17,256
17,189
17,188
17,187
17,186
17,185
17,184
17,183
17,182
17,181
17,180
17,179
17,178
17,177
17,176
17,175
17,174
17,173
17,172
17,171
17,170
17,169
17,168
17,167
17,166
17,165
17,164
17,163
17,162
17,161
17,160
17,128
17,127
17,126
17,125
17,124
17,114
17,113
17,112
17,111
17,110
17,109
17,108
17,107
17,101
17,100
17,99
17,98
17,97
17,96
17,95
17,94
17,93
17,92
17,91
17,90
17,89
17,88
17,87
17,86
17,85
17,84
17,83
17,82
17,81
17,80
17,79
17,78
17,77
17,76
17,75
17,74
17,73
17,72
17,71
17,70
17,69
17,68
17,67
17,66
17,65
17,64
17,14
17,13
17,12
17,7
17,6
17,5
17,4
17,3
17,2
17,1
17,0
16,4
16,3
16,2
16,1
16,0
15,9
15,8
15,7
15,6
15,5
15,4
15,3
15,2
15,1
15,0
14,5
14,4
14,3
14,2
14,1
14,0
13,4
13,3
13,2
13,1
13,0
12,5
12,4
12,3
12,2
12,1
12,0
11,5
11,4
11,3
11,2
11,1
11,0
10,5
10,4
10,3
10,2
10,1
10,0
9,5
9,4
9,3
9,2
9,1
9,0
8,6
8,5
8,4
8,3
8,2
8,1
8,0
5,14
5,13
5,12
5,11
5,10
5,9
5,8
5,7
5,6
5,5
5,4
5,3
5,2
5,0
4,3
3,2
3,0
2,2
2,0
1,2
1,0
7,3
0,52
0,51
0,9
0,2
0,0
17,334
17,335
17,337
17,338
17,340
17,341
17,343
17,345
17,346
17,348
17,349
18,1
18,3
18,4
19,0
19,1
19,3
19,4
19,6
19,8
19,9
19,11
20,0
20,2
20,4
20,5
20,7
20,8
20,10
21,0
21,2
21,4
22,0
22,2
22,3
23,0
23,2
23,3
23,5
24,0
24,2
24,3
24,5
25,0
25,1
25,3
25,4
26,0
26,2
26,3
27,0
27,1
27,3
27,5
27,6
28,0
28,1
28,3
28,4
29,1
29,3
29,4
30,0
30,1
30,3
30,5
30,6
31,0
31,1
31,3
31,4
32,0
32,2
32,3
33,1
33,2
33,4
34,0
34,1
34,3
35,0
35,2
35,3
36,0
36,2
36,3
36,5
37,0
37,2
37,4
38,0
38,2
38,3
39,0
39,2
39,3
39,5
40,0
40,2
40,3
40,5
40,7
40,8
41,0
41,1
41,3
42,0
42,1
42,3
43,0
43,2
43,3
44,0
44,2
44,3
45,0
45,1
45,3
46,0
46,1
46,3
46,4
46,6
47,0
47,2
47,4
47,5
47,7
48,0
48,2
48,4
48,5
49,1
49,2
49,4
49,5
50,1
50,3
50,4
50,6
51,0
51,2
51,4
51,6
52,0
52,1
52,3
52,5
53,0
53,2
53,3
54,1
54,2
54,4
54,6
54,7
54,9
54,10
55,1
55,3
55,4
55,6
55,7
56,1
56,2
56,4
57,0
57,1
57,3
57,4
58,0
58,2
58,3
58,5
59,0
59,2
59,3
60,1
60,3
61,0
61,2
61,3
62,0
62,2
62,3
63,1
63,2
64,0
64,2
64,3
65,1
65,2
66,0
66,1
66,3
67,1
67,2
67,3
67,0
66,2
65,3
65,0
64,1
63,3
63,0
62,1
61,4
61,1
60,2
60,0
59,1
58,4
58,1
57,5
57,2
56,5
56,3
56,0
55,5
55,2
55,0
54,8
54,5
54,3
54,0
53,1
52,4
52,2
51,7
51,3
51,1
50,5
50,2
50,0
49,3
49,0
48,3
48,1
47,6
47,3
47,1
46,5
46,2
45,4
45,2
44,4
44,1
43,4
43,1
42,2
41,4
41,2
40,9
40,6
40,4
40,1
39,4
39,1
38,4
38,1
37,3
37,1
36,4
36,1
35,4
35,1
34,2
33,5
33,3
33,0
32,1
31,5
31,2
30,7
30,4
30,2
29,5
29,2
29,0
28,2
27,7
27,4
27,2
26,4
26,1
25,5
25,2
24,6
24,4
24,1
23,4
23,1
22,4
22,1
21,3
21,1
20,9
20,6
20,3
20,1
19,10
19,7
19,5
19,2
18,5
18,2
18,0
17,347
17,344
17,342
17,339
17,336
1,45
3,44
2,44
1,44
3,43
2,43
1,43
3,42
2,42
1,42
3,41
2,41
1,41
3,40
2,40
1,40
3,39
2,39
1,39
3,38
2,38
1,38
3,37
2,37
1,37
3,36
2,36
1,36
3,35
2,35
1,35
3,34
2,34
1,34
3,33
2,33
1,33
3,32
2,32
1,32
3,31
2,31
1,31
3,30
2,30
1,30
3,29
2,29
1,29
3,28
2,28
1,28
3,27
2,27
1,27
3,26
2,26
1,26
3,25
2,25
1,25
3,24
2,24
1,24
3,23
2,23
1,23
3,22
2,22
1,22
3,21
2,21
1,21
3,20
2,20
1,20
3,19
2,19
1,19
3,18
2,18
1,18
3,17
2,17
1,17
3,16
2,16
1,16
3,15
2,15
1,15
3,14
2,14
1,14
3,13
2,13
1,13
3,12
2,12
1,12
3,11
2,11
1,11
3,10
2,10
1,10
3,9
2,9
1,9
3,8
2,8
1,8
3,7
2,7
1,7
3,6
2,6
1,6
3,5
2,5
1,5
3,4
2,4
1,4
3,3
2,3
1,3
0,6
0,47
0,46
0,49
0,48
0,45
0,12
0,50
0,10
0,8
0,11
0,5
0,7
0,4
0,3
